08001
08002
08003
08004
08005
08006
08007
08008
08009
08010
08011
08012
08013
08014
08016
08017
08018
08020
08021
08023
08024
08025
08026
08027
08028
08029
08030
08031
08032
08033
08034
08035
08036
08037
08038
08039
08042
08043
08044
08045
08047
08048
08049
08050
08052
08053
08054
08055
08057
08058
08059
08060
08061
08062
08063
08064
08065
08066
08067
08068
08069
08070
08071
08075
08078
08079
08080
08081
08082
08083
08084
08085
08087
08090
08091
08092
08093
08094
08095
08097
08098
08099
08100
08103
08104
08105
08106
08108
08109
08110
08111
08115
08116
08117
08119
08120
08122
08126
08127
08128
08129
08130
08131
08132
08133
08134
08135
08137
08138
08139
08140
08141
08142
08143
08144
08145
08146
08148
08149
08150
08151
08152
08153
08154
08155
08156
08157
08158
08160
08162
08164
08165
08166
08167
08168
08170
08171
08172
08174
08175
08176
08177
08178
08179
08181
08182
08183
08185
08188
08189
08190
08191
08192
08193
08195
08197
08198
08199
08201
08202
08203
08204
08206
08207
08208
08209
08210
08212
08213
08214
08215
08216
08220
08221
08222
08223
08224
08225
08226
08228
08229
08230
08232
08233
08234
08235
08236
08237
08238
08239
08240
08241
08242
08243
08244
08246
08247
08248
08249
08250
08251
08253
08254
08255
08256
08257
08258
08259
08261
08262
08264
08265
08267
08268
08269
08271
08272
08273
08274
08275
08276
08277
08278
08280
08281
08282
08283
08284
08285
08286
08287
08288
08289
08290
08291
08292
08293
08294
08295
08296
08297
08299
08300
08302
08303
08304
08306
08308
08901
08902
08903
08905
17001
17002
17003
17004
17005
17006
17007
17008
17009
17010
17011
17012
17013
17014
17016
17018
17019
17020
17021
17022
17024
17025
17026
17027
17028
17029
17030
17031
17032
17033
17034
17035
17036
17037
17038
17039
17040
17041
17042
17043
17044
17046
17048
17049
17050
17051
17052
17054
17055
17056
17057
17058
17060
17061
17062
17063
17064
17065
17067
17068
17069
17070
17071
17073
17074
17075
17076
17077
17078
17080
17081
17082
17083
17084
17085
17086
17087
17088
17089
17090
17091
17092
17093
17094
17096
17097
17098
17099
17100
17101
17102
17103
17105
17106
17107
17109
17110
17111
17112
17115
17116
17118
17119
17120
17121
17123
17124
17125
17126
17128
17129
17130
17132
17133
17134
17135
17136
17137
17138
17139
17140
17141
17142
17143
17144
17145
17146
17147
17148
17149
17150
17151
17153
17154
17157
17158
17159
17161
17162
17163
17164
17165
17166
17167
17168
17169
17170
17171
17172
17173
17174
17175
17176
17177
17178
17180
17181
17182
17183
17184
17185
17186
17187
17188
17189
17190
17191
17192
17193
17194
17195
17196
17197
17198
17199
17200
17201
17202
17203
17204
17205
17206
17207
17208
17209
17210
17211
17212
17213
17214
17215
17216
17217
17218
17220
17221
17222
17223
17224
17225
17226
17227
17228
17230
17232
17233
17234
17901
17902
17903
25001
25002
25003
25004
25005
25006
25007
25008
25009
25010
25011
25012
25013
25014
25015
25016
25017
25019
25020
25021
25022
25023
25024
25025
25027
25029
25030
25031
25032
25033
25034
25035
25036
25037
25038
25039
25041
25042
25043
25044
25045
25046
25047
25048
25049
25050
25051
25052
25053
25055
25056
25057
25058
25059
25060
25061
25062
25063
25064
25067
25068
25069
25070
25071
25073
25074
25075
25076
25077
25078
25079
25081
25082
25085
25086
25087
25088
25089
25092
25093
25094
25096
25097
25098
25099
25100
25101
25102
25103
25104
25105
25109
25110
25111
25112
25113
25114
25115
25118
25119
25121
25122
25123
25124
25125
25126
25127
25128
25129
25130
25131
25132
25133
25134
25135
25136
25138
25139
25140
25141
25142
25143
25145
25146
25148
25149
25150
25151
25152
25153
25154
25155
25156
25157
25158
25161
25163
25164
25165
25166
25167
25168
25169
25170
25171
25172
25173
25174
25175
25176
25177
25179
25180
25181
25182
25183
25185
25186
25189
25190
25191
25192
25193
25194
25196
25197
25200
25201
25202
25203
25204
25205
25206
25207
25208
25209
25210
25211
25212
25215
25216
25218
25219
25220
25221
25222
25223
25224
25225
25226
25227
25228
25230
25231
25232
25233
25234
25238
25239
25240
25242
25243
25244
25245
25247
25248
25249
25250
25251
25252
25253
25254
25255
25901
25902
25903
25904
25905
25906
25907
25908
25909
25910
25911
25912
25913
43001
43002
43003
43004
43005
43006
43007
43008
43009
43010
43011
43012
43013
43015
43016
43017
43018
43019
43020
43021
43022
43023
43024
43025
43026
43027
43028
43029
43030
43031
43032
43033
43034
43035
43036
43039
43040
43041
43042
43043
43044
43045
43046
43047
43048
43049
43050
43051
43052
43053
43054
43055
43056
43057
43058
43059
43060
43061
43062
43063
43064
43065
43066
43067
43068
43069
43070
43071
43072
43073
43074
43075
43076
43077
43078
43079
43080
43081
43082
43083
43084
43085
43086
43088
43089
43090
43091
43092
43093
43094
43095
43096
43097
43098
43099
43100
43101
43102
43103
43104
43105
43106
43107
43108
43109
43110
43111
43112
43113
43114
43115
43116
43117
43118
43119
43120
43121
43122
43124
43125
43126
43127
43128
43129
43130
43131
43132
43133
43134
43135
43136
43137
43138
43139
43140
43141
43142
43143
43144
43145
43146
43147
43149
43150
43151
43152
43154
43156
43157
43158
43159
43160
43162
43164
43165
43166
43167
43168
43169
43170
43172
43173
43174
43175
43176
43177
43178
43901
43902
43903
43904
43906
43907
